monge_1.jpg
0.171053,0.307566,0.435855,0.559211,0.675987,0.789474,0.911184
0.302632,0.435855
monge_10.jpg
0.26839,0.522863,0.757455
0.318091,0.502982,0.751491
monge_101.jpg
0.263462,0.5,0.736538
0.490385,0.765385
monge_102.jpg
0.2016,0.4048,0.6144,0.8144
0.4208,0.5904
monge_103.jpg
0.2711,0.480818,0.703325
0.503836,0.680307
monge_104.jpg
0.256757,0.445946,0.629129,0.815315
0.472973,0.633634
monge_105.jpg
0.245614,0.516569,0.762183
0.364522,0.532164,0.721248
monge_106.jpg
0.13738,0.294995,0.438765,0.561235,0.705005,0.861555
0.451544,0.559105
monge_107.jpg
0.133635,0.243488,0.357871,0.500566,0.642129,0.753114,0.852775
0.364666,0.499434
monge_108.jpg
0.262108,0.507123,0.723647
0.22792
monge_11.jpg
0.264706,0.50905,0.757919
0.794118
monge_110.jpg
0.254011,0.510695,0.770053
0.395722,0.796791
monge_111.jpg
0.3386,0.668172
0.275395
monge_112.jpg
0.266504,0.518337,0.755501
0.212714,0.589242
monge_114.jpg
0.258741,0.493007,0.751748
0.734266
monge_115.jpg
0.144814,0.295499,0.502935,0.712329,0.857143
0.495108,0.7182
monge_117.jpg
0.270789,0.498934,0.720682
0.814499
monge_118.jpg
0.268657,0.495522,0.740299
0.223881
monge_119.jpg
0.110372,0.235372,0.410904,0.585106,0.759309,0.890957
0.418883,0.577128,0.767287
monge_119bis.jpg
0.284672,0.458029,0.613139,0.782847
0.425182,0.618613
monge_12.jpg
0.384615,0.671088
0.639257
monge_13.jpg
0.256956,0.472995,0.656301,0.824877
0.500818,0.653028
monge_14.jpg
0.413889,0.697222
0.177778,0.427778
monge_15.jpg
0.254902,0.507003,0.77591
0.344538,0.652661
monge_16.jpg
0.217586,0.351714,0.481371,0.611028,0.782414
0.347243,0.491803
monge_17.jpg
0.191744,0.311585,0.475366,0.631158,0.788282
0.637816,0.772304
monge_18.jpg
0.290944,0.50289,0.716763
0.287091,0.500963
monge_19.jpg
0.193939,0.324242,0.428788,0.55,0.659091,0.795455
0.415152,0.560606,0.769697
monge_2.jpg
0.197007,0.342893,0.466334,0.572319,0.687032,0.816708
0.322943,0.452618
monge_20.jpg
0.234352,0.39738,0.52984,0.6623,0.818049
0.615721
monge_21.jpg
0.223118,0.375,0.501344,0.634409,0.77957
0.224462,0.400538
monge_23.jpg
0.265351,0.495614,0.72807
0.223684,0.618421
monge_24.jpg
0.171779,0.332515,0.494479,0.658896,0.82454
0.330061,0.466258,0.814724
monge_25.jpg
0.195567,0.323338,0.434159,0.54498,0.659713,0.804433
0.419817,0.574967
monge_26.jpg
0.196755,0.393509,0.614604,0.799189
0.395538,0.600406
monge_27.jpg
0.125668,0.248663,0.402406,0.574866,0.72861,0.862299
0.418449,0.552139,0.744652
monge_28.jpg
0.402222,0.682222
0.148889,0.368889,0.622222
monge_29.jpg
0.167679,0.290401,0.428919,0.572297,0.702309,0.823815
0.300122,0.583232,0.692588
monge_29bis.jpg
0.202128,0.354103,0.478723,0.607903,0.753799
0.452888,0.630699
monge_3.jpg
0.26569,0.516736,0.757322
0.533473,0.688285
monge_30.jpg
0.29402,0.511628,0.732558
0.516611,0.725914
monge_31.jpg
0.160796,0.316998,0.509954,0.705972,0.854518
0.304747,0.508423,0.713629
monge_32.jpg
0.247082,0.505837,0.768483
0.282101,0.447471
monge_33.jpg
0.250883,0.489399,0.729682
0.517668,0.689046
monge_34.jpg
0.316832,0.509901,0.710396
0.217822,0.806931
monge_35.jpg
0.252129,0.434412,0.592845,0.773424
0.429302,0.591141
monge_36.jpg
0.217391,0.371814,0.49925,0.631184,0.788606
0.425787,0.586207
monge_37.jpg
0.260456,0.498099,0.745247
0.254753,0.730038
monge_38.jpg
0.187328,0.309917,0.428375,0.567493,0.684573,0.809917
0.19697,0.431129,0.573003,0.807163
monge_39.jpg
0.239669,0.380165,0.510331,0.642562,0.78719
0.359504,0.5
monge_4.jpg
0.238193,0.418891,0.574949,0.755647
0.394251,0.587269
monge_40.jpg
0.270096,0.508039,0.745981
0.427653,0.581994
monge_41.jpg
0.249104,0.507168,0.763441
0.225806,0.501792
monge_42.jpg
0.255462,0.50084,0.751261
0.215126,0.421849,0.583193,0.783193
monge_43.jpg
0.238806,0.507463,0.764925
0.511194,0.80597
monge_44.jpg
0.254019,0.495177,0.742765
0.413183,0.569132
monge_45.jpg
0.197109,0.34954,0.505913,0.65703,0.809461
0.362681,0.507227
monge_46.jpg
0.21485,0.413902,0.593997,0.789889
0.412322,0.592417
monge_47.jpg
0.2,0.403053,0.607634,0.807634
0.398473,0.601527
monge_48.jpg
0.271533,0.506569,0.732847
0.421898,0.575182,0.764964
monge_5.jpg
0.285012,0.515971,0.732187
0.781327
monge_50.jpg
0.27003,0.508902,0.740356
0.232938,0.424332,0.583086,0.775964
monge_53.jpg
0.218954,0.377451,0.534314,0.69281,0.838235
0.326797,0.583333
monge_54.jpg
0.210769,0.410769,0.604615,0.807692
0.407692,0.6
monge_55.jpg
0.163297,0.328149,0.514775,0.7014,0.856921
0.343701,0.506998
monge_56.jpg
0.174023,0.372005,0.581337,0.789407
0.358134,0.593947,0.783102
monge_57.jpg
0.144182,0.26054,0.365936,0.475548,0.584317,0.689713,0.801855,0.913997
0.134064,0.259696,0.358347,0.56914
monge_58.jpg
0.192607,0.328794,0.468872,0.603113,0.735409
0.324903,0.690661
monge_59.jpg
0.341719,0.696017
0.383648,0.746331
monge_6.jpg
0.248971,0.483539,0.72428
0.487654,0.683128
monge_60.jpg
0.154506,0.286123,0.429185,0.577969,0.718169,0.852647
0.505007,0.793991
monge_61.jpg
0.307531,0.508368,0.725941
0.380753,0.640167
monge_62.jpg
0.180263,0.347368,0.501316,0.665789,0.831579
0.342105,0.492105,0.671053
monge_63.jpg
0.171815,0.362934,0.642857,0.832046
0.391892,0.588803
monge_64.jpg
0.259554,0.514331,0.762739
0.789809
monge_65.jpg
0.188825,0.358382,0.61657,0.813102
0.387283,0.599229
monge_66.jpg
0.204641,0.390295,0.588608,0.776371
0.35865,0.601266
monge_67.jpg
0.507418
0.290801
monge_68.jpg
0.250923,0.50738,0.761993
0.282288,0.4631
monge_69.jpg
0.267161,0.45269,0.647495
0.595547,0.801484
monge_7.jpg
0.271071,0.485194,0.70615
0.232346
monge_70.jpg
0.261477,0.510978,0.748503
0.522954,0.716567
monge_71.jpg
0.218654,0.417431,0.590214,0.795107
0.409786,0.587156,0.784404
monge_72.jpg
0.21755,0.449726,0.723949
0.215722,0.449726,0.680073
monge_73.jpg
0.255708,0.508371,0.753425
0.254186,0.424658,0.584475,0.753425
monge_74.jpg
0.351931,0.67382
0.628755
monge_75.jpg
0.276173,0.490975,0.694946
0.296029,0.48556,0.718412
monge_76.jpg
0.201465,0.393773,0.606227,0.807692
0.388278,0.604396
monge_77.jpg
0.140669,0.303621,0.488858,0.664345,0.832869
0.342618,0.481894,0.619777
monge_78.jpg
0.244552,0.423729,0.605327,0.789346
0.242131
monge_79.jpg
0.299197,0.646586
0.307229
monge_79bis.jpg
0.350923,0.662269
0.343008,0.641161
monge_8.jpg
0.244444,0.478788,0.727273
0.486869,0.672727
monge_80.jpg
0.246914,0.49177,0.72428
0.746914
monge_81.jpg
0.27395,0.490756,0.702521
0.470588,0.668908
monge_82.jpg
0.271357,0.504188,0.735343
0.505863,0.683417
monge_83.jpg
0.266112,0.511434,0.758836
0.264033,0.49896
monge_86.jpg
0.241122,0.48972,0.730841
0.271028,0.476636
monge_87.jpg
0.202581,0.387097,0.574194,0.774194
0.39871,0.569032
monge_9.jpg
0.21797,0.402662,0.582363,0.768719
0.410982,0.575707,0.765391
monge_91.jpg
0.505435
0.679348
monge_96.jpg
0.221226,0.418535,0.626308,0.819133
0.433483,0.596413
monge_97.jpg
0.137363,0.277473,0.418498,0.563187,0.70696,0.845238
0.417582,0.562271
monge_99.jpg
0.164751,0.285441,0.425287,0.568965,0.707854,0.842912
0.27682,0.404215,0.552682,0.821839